500toledo2
BASIC
10630
9266
8539
8694
8858
8599
8714
8875
8651
8671
8727

UNIFORM_GRID
5094
2784
2657
2535
2708
2614
2718
2763
2717
2685
2771

DENSITY 
4894
3145
3134
2980
2377
2363
2615
2430
2324
2322
2320

-------------------------
500centered
UNIFORM_GRID

5585
4641
3524
3840
3964
3649
3674
4021
3896
3890
3716

DENSITY
5353
4261
3178
3649
2754
2682
2668
2786
2575
2482
2460

---------------------------
200centered
BASIC
4993
3613
3279
3241
3295
3352
3364
3339
3305
3306
3251

UNIFORM_GRID
3689
2291
1935
1941
2007
1889
1871
2063
1909
1925
1990

DENSITY 
3395
2005
1779
1836
1432
1300
1376
1359
1263
1293
1293